Selection	View	Channel	Begin Time (s)	End Time (s)	Low Freq (Hz)	High Freq (Hz)
1	Spectrogram 1	1	12.365193073	18.706317726	38.5	66.0
2	Spectrogram 1	1	53.899559550	60.557740435	40.6	64.4
3	Spectrogram 1	1	132.212449013	139.504742364	41.9	64.4
4	Spectrogram 1	1	178.819715211	183.258502468	46.1	62.8
5	Spectrogram 1	1	256.498492209	262.522560630	42.4	64.0
6	Spectrogram 1	1	295.179352592	301.520477245	43.1	64.5
7	Spectrogram 1	1	358.273542888	366.517004937	39.7	66.0
8	Spectrogram 1	1	430.562363931	437.854657282	38.5	64.4
9	Spectrogram 1	1	510.740659475	517.715896593	37.0	63.5
10	Spectrogram 1	1	548.787407392	554.494419580	36.7	63.9
11	Spectrogram 1	1	610.930428990	618.539778574	40.7	64.7
12	Spectrogram 1	1	655.001245328	661.659426214	39.2	64.5
13	Spectrogram 1	1	735.533528420	740.289371909	44.7	65.5
14	Spectrogram 1	1	771.360882708	777.384951129	43.4	64.5
15	Spectrogram 1	1	810.078573352	815.151473074	41.2	65.0
16	Spectrogram 1	1	849.710602432	855.417614620	41.7	65.0
17	Spectrogram 1	1	884.903844256	890.927912676	41.4	64.5
18	Spectrogram 1	1	1412.241930941	1417.314830664	39.4	64.4
19	Spectrogram 1	1	1442.679329275	1447.752228997	39.1	63.9
20	Spectrogram 1	1	1506.724688269	1513.699925387	39.6	64.7
21	Spectrogram 1	1	1539.381480232	1544.137323721	41.1	64.4
22	Spectrogram 1	1	1573.623553357	1579.013509312	40.6	64.5
23	Spectrogram 1	1	1616.109088532	1622.767269417	37.5	64.4
24	Spectrogram 1	1	1650.985274122	1657.643455008	40.4	64.5
25	Spectrogram 1	1	1694.421977995	1700.446046415	41.6	64.5
26	Spectrogram 1	1	1765.966015862	1772.624196748	40.2	64.4
27	Spectrogram 1	1	1798.622807824	1805.280988710	39.9	63.4
28	Spectrogram 1	1	1874.082191194	1879.472147149	39.4	64.5
29	Spectrogram 1	1	1953.663305588	1960.638542706	40.7	64.2
30	Spectrogram 1	1	1988.856547411	1995.831784529	39.2	64.9
31	Spectrogram 1	1	2099.737834226	2105.127790181	44.9	58.3
32	Spectrogram 1	1	2193.903535322	2198.025266346	49.3	64.7
33	Spectrogram 1	1	2260.168287944	2266.509412597	37.2	64.9
34	Spectrogram 1	1	2289.654517580	2295.678586001	38.4	65.0
35	Spectrogram 1	1	2394.445173847	2400.152186034	40.9	63.9
36	Spectrogram 1	1	2436.613652788	2442.954777441	43.9	64.2
37	Spectrogram 1	1	4334.438329743	4340.779454396	41.1	65.2
38	Spectrogram 1	1	4370.899796498	4376.923864918	41.7	65.2
39	Spectrogram 1	1	4444.773898704	4450.797967124	49.4	65.4
40	Spectrogram 1	1	4531.647306448	4537.988431101	42.7	64.9
41	Spectrogram 1	1	4676.357749928	4682.698874581	41.2	64.7
42	Spectrogram 1	1	4867.380058408	4872.452958130	40.1	64.0
43	Spectrogram 1	1	4907.329143721	4913.670268374	38.5	61.5
44	Spectrogram 1	1	4943.473554242	4951.717016291	38.2	66.7
45	Spectrogram 1	1	5358.079812726	5363.469768680	39.6	65.2
46	Spectrogram 1	1	5818.828935470	5823.267722727	43.9	61.8
47	Spectrogram 1	1	6495.382238317	6502.040419203	40.4	65.4
48	Spectrogram 1	1	6527.087861582	6533.428986234	37.0	65.5
49	Spectrogram 1	1	6590.182051878	6598.108457694	40.6	65.5
50	Spectrogram 1	1	6636.472261844	6642.179274031	44.2	64.9
51	Spectrogram 1	1	6678.006628320	6684.981865438	37.9	64.9
52	Spectrogram 1	1	6750.612505596	6757.587742714	40.9	67.0
53	Spectrogram 1	1	6797.219771794	6803.877952680	43.6	64.7
54	Spectrogram 1	1	6834.632407247	6840.973531899	38.7	65.9
55	Spectrogram 1	1	6912.156759847	6918.497884500	37.9	64.5
56	Spectrogram 1	1	7036.442803044	7041.515702766	33.4	61.8
57	Spectrogram 1	1	7099.219937108	7104.292836830	36.5	61.7
58	Spectrogram 1	1	7138.534909956	7143.924865910	40.1	64.9
59	Spectrogram 1	1	7180.069276432	7186.093344852	39.2	64.5
60	Spectrogram 1	1	7221.286586676	7226.042430165	57.3	66.4
61	Spectrogram 1	1	7330.339386395	7336.046398582	38.9	62.8
62	Spectrogram 1	1	7366.483796916	7372.190809104	37.7	61.5
63	Spectrogram 1	1	7437.187336796	7443.211405216	39.1	61.7
64	Spectrogram 1	1	7507.315715304	7514.608008655	38.0	64.7
65	Spectrogram 1	1	7578.019255184	7584.677436070	53.0	65.0
66	Spectrogram 1	1	10347.121424753	10351.877268243	33.7	61.2
67	Spectrogram 1	1	10646.267374183	10654.510836232	38.5	66.0
68	Spectrogram 1	1	10712.849183038	10718.873251459	38.7	63.2
69	Spectrogram 1	1	10783.552722918	10789.259735106	37.7	64.7
70	Spectrogram 1	1	10826.355314325	10831.745270280	34.0	62.8
71	Spectrogram 1	1	10863.450893544	10869.157905732	37.2	65.2
72	Spectrogram 1	1	10901.180585229	10906.887597417	38.5	62.0
73	Spectrogram 1	1	12182.190800126	12188.848981012	38.0	63.4
74	Spectrogram 1	1	12218.652266880	12225.944560231	37.2	64.7
75	Spectrogram 1	1	12410.994285767	12417.335410420	36.0	63.7
76	Spectrogram 1	1	12445.553415125	12451.894539778	37.2	63.4
77	Spectrogram 1	1	12521.329854727	12526.719810682	37.4	63.2
78	Spectrogram 1	1	12624.690186569	12630.080142524	39.9	63.4
79	Spectrogram 1	1	12698.881345008	12703.637188498	46.8	63.2
80	Spectrogram 1	1	12782.112709797	12787.502665751	41.7	63.0
81	Spectrogram 1	1	12815.403614224	12821.110626412	40.2	63.2
82	Spectrogram 1	1	12886.741266569	12892.448278757	42.2	62.8
83	Spectrogram 1	1	12927.324464348	12933.665589001	39.4	63.0
84	Spectrogram 1	1	12965.371212265	12972.346449383	40.4	64.2
85	Spectrogram 1	1	13045.586439124	13051.927563777	46.4	64.4
86	Spectrogram 1	1	13085.535524437	13089.657255462	47.1	63.9
87	Spectrogram 1	1	14714.983105423	14721.007173844	39.2	64.5
88	Spectrogram 1	1	14743.518166361	14748.908122316	41.9	65.4
89	Spectrogram 1	1	14775.223789626	14781.564914279	41.2	65.5
90	Spectrogram 1	1	14813.587593776	14818.977549731	49.3	64.9
91	Spectrogram 1	1	14910.289744732	14917.264981850	42.1	64.7
92	Spectrogram 1	1	14976.554497355	14982.578565775	41.9	62.7
93	Spectrogram 1	1	15016.340627969	15020.779415226	40.7	59.5
94	Spectrogram 1	1	15093.068236269	15099.409360922	42.9	65.9
95	Spectrogram 1	1	15158.064763961	15162.503551218	42.4	63.7
96	Spectrogram 1	1	15187.550993597	15201.184411600	41.6	71.7
97	Spectrogram 1	1	15299.068167351	15304.141067073	37.2	63.9
98	Spectrogram 1	1	15334.895521640	15339.968421362	42.1	65.2
99	Spectrogram 1	1	15372.625213324	15380.234562908	41.4	67.4
100	Spectrogram 1	1	15410.037848776	15415.110748499	41.2	65.2
101	Spectrogram 1	1	15541.938932701	15545.743607493	55.1	63.9
102	Spectrogram 1	1	15583.872381117	15586.725887211	43.6	61.8
103	Spectrogram 1	1	15623.504410198	15628.894366153	44.2	64.5
104	Spectrogram 1	1	15669.160507699	15673.916351188	39.9	62.7
105	Spectrogram 1	1	15706.256086918	15711.011930408	41.7	62.7
106	Spectrogram 1	1	15741.449328742	15747.790453395	42.6	66.2
107	Spectrogram 1	1	15782.032526520	15786.471313777	48.9	63.5
108	Spectrogram 1	1	15822.615724299	15828.322736486	42.9	64.4
109	Spectrogram 1	1	15861.296584681	15866.686540636	49.3	64.4
110	Spectrogram 1	1	15906.952682182	15913.927919300	42.2	63.7
111	Spectrogram 1	1	15948.279364312	15954.937545197	41.2	65.2
112	Spectrogram 1	1	16023.104635216	16030.396928567	42.9	65.5
113	Spectrogram 1	1	16062.102551831	16066.541339088	49.6	63.0
114	Spectrogram 1	1	16081.125925790	16087.467050443	42.6	64.2
115	Spectrogram 1	1	16121.075011103	16128.050248221	42.7	64.5
116	Spectrogram 1	1	16743.000556180	16748.707568368	49.9	64.0
117	Spectrogram 1	1	16771.218560886	16776.608516840	41.9	64.4
118	Spectrogram 1	1	16807.680027640	16813.387039827	46.3	64.2
119	Spectrogram 1	1	16839.068594671	16844.775606859	43.1	62.0
120	Spectrogram 1	1	16877.432398821	16882.505298544	45.6	62.2
121	Spectrogram 1	1	16919.283821530	16924.356721253	44.9	63.9
122	Spectrogram 1	1	16958.281738146	16964.939919031	46.3	63.9
123	Spectrogram 1	1	16997.596710994	17007.108397973	50.3	64.9
124	Spectrogram 1	1	17108.897670099	17115.872907217	42.6	66.2
125	Spectrogram 1	1	17152.334373971	17158.358442391	53.1	64.2
126	Spectrogram 1	1	17249.036524928	17255.060593348	44.4	64.2
127	Spectrogram 1	1	17286.449160380	17291.839116335	53.8	65.2
128	Spectrogram 1	1	17325.764133227	17330.519976717	49.3	64.4
129	Spectrogram 1	1	17363.176768679	17370.152005798	50.8	65.9
130	Spectrogram 1	1	17401.893505543	17410.136967592	42.6	64.7
131	Spectrogram 1	1	17483.694013565	17489.718081986	52.0	65.0
132	Spectrogram 1	1	17526.496604972	17531.886560927	49.3	64.4
133	Spectrogram 1	1	17571.201533775	17578.810883359	42.6	65.0
134	Spectrogram 1	1	17686.292946225	17691.999958413	48.1	63.4
135	Spectrogram 1	1	17748.753024056	17755.728261174	46.1	65.0
136	Spectrogram 1	1	17764.605835688	17768.410510480	54.8	65.0
137	Spectrogram 1	1	17788.385053137	17794.726177790	43.6	66.0
138	Spectrogram 1	1	17825.296022623	17831.003034810	41.6	65.0
139	Spectrogram 1	1	17917.876442555	17923.900510975	44.1	62.7
140	Spectrogram 1	1	17872.854457519	17878.244413474	43.6	63.4
